G3dErrFileVersion 2018P3.1
FlagFileMetaData Begin
   Mesh Size - ATK_Solution, Refinement, Pass #1, Freq. 1.575000e+09 :Title    
   Listing of mesh elements with small segments. :ToolTip  
   hf3d :Author   
   1681621390 :TimeStamp
FlagFileMetaData End
BEGIN_ERR 
26 Small mesh segment detected on body : port_cap
 Small mesh segment detected on body : port_cap 
 Segment Statistics - Number of Segments : 1 --- Segment length(s) : 0.029402mm. The cutoff frequency for S-Matrix Only Solve is 1.60330431701332MHz 
4 -1  101  111  121  # nfids, fids[]
2 108  -1  # nbids, bids[]
      4 6 1 0 #ntets ntri ned npts
          -5.0810807000000002e-01   1.2444959700000002e+00  -5.0000000000000000e+00 #xyz tv0
          -4.1597703250000001e-01   1.2413179400000001e+00  -5.0000000000000000e+00 #xyz tv1
          -4.0000000000000002e-01   1.2660000000000000e+00  -5.0000000000000000e+00 #xyz tv2
          -7.9951532999999986e-01   1.2995153300000000e+00  -5.3441239306262194e+00 -1 108 #xyz tv3 fid bid
          -5.0810807000000002e-01   1.2444959700000002e+00  -5.0000000000000000e+00 #xyz tv0
          -4.0000000000000002e-01   1.2660000000000000e+00  -5.0000000000000000e+00 #xyz tv1
          -4.1597703250000001e-01   1.2413179400000001e+00  -5.0000000000000000e+00 #xyz tv2
          -4.6390812999999997e-01   1.0542878800000000e+00  -4.6867008132639425e+00 -1 108 #xyz tv3 fid bid
          -4.0000000000000002e-01   1.2660000000000000e+00  -5.0000000000000000e+00 #xyz tv0
          -4.1597703250000001e-01   1.2413179400000001e+00  -5.0000000000000000e+00 #xyz tv1
          -4.0000000000000002e-01   1.0669999999999999e+00  -5.0000000000000000e+00 #xyz tv2
          -7.9951532999999986e-01   1.2995153300000000e+00  -5.3441239306262194e+00 -1 108 #xyz tv3 fid bid
          -4.0000000000000002e-01   1.2660000000000000e+00  -5.0000000000000000e+00 #xyz tv0
          -4.0000000000000002e-01   1.0669999999999999e+00  -5.0000000000000000e+00 #xyz tv1
          -4.1597703250000001e-01   1.2413179400000001e+00  -5.0000000000000000e+00 #xyz tv2
          -4.6390812999999997e-01   1.0542878800000000e+00  -4.6867008132639425e+00 -1 108 #xyz tv3 fid bid
          -4.0000000000000002e-01   1.2660000000000000e+00  -5.0000000000000000e+00 #xyz tv0
          -4.0000000000000002e-01   1.0669999999999999e+00  -5.0000000000000000e+00 #xyz tv1
          -4.1597703250000001e-01   1.2413179400000001e+00  -5.0000000000000000e+00 101 -1 #xyz tv2 fid bid
          -4.0000000000000002e-01   1.2660000000000000e+00  -5.0000000000000000e+00 #xyz tv0
          -4.0000000000000002e-01   1.0669999999999999e+00  -5.0000000000000000e+00 #xyz tv1
          -4.1597703250000001e-01   1.2413179400000001e+00  -5.0000000000000000e+00 111 -1 #xyz tv2 fid bid
          -4.0000000000000002e-01   1.2660000000000000e+00  -5.0000000000000000e+00 #xyz tv0
          -4.0000000000000002e-01   1.0669999999999999e+00  -5.0000000000000000e+00 #xyz tv1
          -4.1597703250000001e-01   1.2413179400000001e+00  -5.0000000000000000e+00 121 -1 #xyz tv2 fid bid
          -5.0810807000000002e-01   1.2444959700000002e+00  -5.0000000000000000e+00 #xyz tv0
          -4.0000000000000002e-01   1.2660000000000000e+00  -5.0000000000000000e+00 #xyz tv1
          -4.1597703250000001e-01   1.2413179400000001e+00  -5.0000000000000000e+00 101 -1 #xyz tv2 fid bid
          -5.0810807000000002e-01   1.2444959700000002e+00  -5.0000000000000000e+00 #xyz tv0
          -4.0000000000000002e-01   1.2660000000000000e+00  -5.0000000000000000e+00 #xyz tv1
          -4.1597703250000001e-01   1.2413179400000001e+00  -5.0000000000000000e+00 111 -1 #xyz tv2 fid bid
          -5.0810807000000002e-01   1.2444959700000002e+00  -5.0000000000000000e+00 #xyz tv0
          -4.0000000000000002e-01   1.2660000000000000e+00  -5.0000000000000000e+00 #xyz tv1
          -4.1597703250000001e-01   1.2413179400000001e+00  -5.0000000000000000e+00 121 -1 #xyz tv2 fid bid
          -4.1597703250000001e-01   1.2413179400000001e+00  -5.0000000000000000e+00 #xyz ev0
          -4.0000000000000002e-01   1.2660000000000000e+00  -5.0000000000000000e+00 -1 108 #xyz ev1 fid bid
   0   0.000000000000e+00   0.000000000000e+00   0.000000000000e+00 #flag location
END_ERR 
G3dErrFileVersion 2018P3.1
FlagFileMetaData Begin
   Mesh Size - ATK_Solution, Refinement, Pass #2, Freq. 1.575000e+09 :Title    
   Listing of mesh elements with small segments. :ToolTip  
   hf3d :Author   
   1681621391 :TimeStamp
FlagFileMetaData End
BEGIN_ERR 
26 Small mesh segment detected on body : port_cap
 Small mesh segment detected on body : port_cap 
 Segment Statistics - Number of Segments : 1 --- Segment length(s) : 0.040229mm. The cutoff frequency for S-Matrix Only Solve is 1.60330431701332MHz 
4 -1  101  111  121  # nfids, fids[]
2 108  -1  # nbids, bids[]
      4 6 1 0 #ntets ntri ned npts
          -6.6217812129629627e-01   1.1506300988425928e+00  -5.0000000000000000e+00 #xyz tv0
          -7.9951532999999986e-01   1.2995153300000000e+00  -5.3441239306262194e+00 #xyz tv1
          -6.3171173000000014e-01   1.1769016049999999e+00  -5.0000000000000000e+00 #xyz tv2
          -7.9951532999999997e-01   1.2995153300000000e+00  -5.0000000000000000e+00 -1 108 #xyz tv3 fid bid
          -6.6217812129629627e-01   1.1506300988425928e+00  -5.0000000000000000e+00 #xyz tv0
          -6.3171173000000014e-01   1.1769016049999999e+00  -5.0000000000000000e+00 #xyz tv1
          -7.9951532999999986e-01   1.2995153300000000e+00  -5.3441239306262194e+00 #xyz tv2
          -5.1808683000000000e-01   1.0180868300000006e+00  -5.0000000000000000e+00 -1 108 #xyz tv3 fid bid
          -6.6217812129629627e-01   1.1506300988425928e+00  -5.0000000000000000e+00 #xyz tv0
          -6.3171173000000014e-01   1.1769016049999999e+00  -5.0000000000000000e+00 #xyz tv1
          -4.6390812999999997e-01   1.0542878800000000e+00  -4.6867008132639425e+00 #xyz tv2
          -7.9951532999999997e-01   1.2995153300000000e+00  -5.0000000000000000e+00 -1 108 #xyz tv3 fid bid
          -6.6217812129629627e-01   1.1506300988425928e+00  -5.0000000000000000e+00 #xyz tv0
          -4.6390812999999997e-01   1.0542878800000000e+00  -4.6867008132639425e+00 #xyz tv1
          -6.3171173000000014e-01   1.1769016049999999e+00  -5.0000000000000000e+00 #xyz tv2
          -5.1808683000000000e-01   1.0180868300000006e+00  -5.0000000000000000e+00 -1 108 #xyz tv3 fid bid
          -5.1808683000000000e-01   1.0180868300000006e+00  -5.0000000000000000e+00 #xyz tv0
          -6.6217812129629627e-01   1.1506300988425928e+00  -5.0000000000000000e+00 #xyz tv1
          -6.3171173000000014e-01   1.1769016049999999e+00  -5.0000000000000000e+00 101 -1 #xyz tv2 fid bid
          -5.1808683000000000e-01   1.0180868300000006e+00  -5.0000000000000000e+00 #xyz tv0
          -6.6217812129629627e-01   1.1506300988425928e+00  -5.0000000000000000e+00 #xyz tv1
          -6.3171173000000014e-01   1.1769016049999999e+00  -5.0000000000000000e+00 111 -1 #xyz tv2 fid bid
          -5.1808683000000000e-01   1.0180868300000006e+00  -5.0000000000000000e+00 #xyz tv0
          -6.6217812129629627e-01   1.1506300988425928e+00  -5.0000000000000000e+00 #xyz tv1
          -6.3171173000000014e-01   1.1769016049999999e+00  -5.0000000000000000e+00 121 -1 #xyz tv2 fid bid
          -6.6217812129629627e-01   1.1506300988425928e+00  -5.0000000000000000e+00 #xyz tv0
          -7.9951532999999997e-01   1.2995153300000000e+00  -5.0000000000000000e+00 #xyz tv1
          -6.3171173000000014e-01   1.1769016049999999e+00  -5.0000000000000000e+00 101 -1 #xyz tv2 fid bid
          -6.6217812129629627e-01   1.1506300988425928e+00  -5.0000000000000000e+00 #xyz tv0
          -7.9951532999999997e-01   1.2995153300000000e+00  -5.0000000000000000e+00 #xyz tv1
          -6.3171173000000014e-01   1.1769016049999999e+00  -5.0000000000000000e+00 111 -1 #xyz tv2 fid bid
          -6.6217812129629627e-01   1.1506300988425928e+00  -5.0000000000000000e+00 #xyz tv0
          -7.9951532999999997e-01   1.2995153300000000e+00  -5.0000000000000000e+00 #xyz tv1
          -6.3171173000000014e-01   1.1769016049999999e+00  -5.0000000000000000e+00 121 -1 #xyz tv2 fid bid
          -6.6217812129629627e-01   1.1506300988425928e+00  -5.0000000000000000e+00 #xyz ev0
          -6.3171173000000014e-01   1.1769016049999999e+00  -5.0000000000000000e+00 -1 108 #xyz ev1 fid bid
   0   0.000000000000e+00   0.000000000000e+00   0.000000000000e+00 #flag location
END_ERR 
G3dErrFileVersion 2018P3.1
FlagFileMetaData Begin
   Mesh Size - ATK_Solution, Refinement, Pass #3, Freq. 1.575000e+09 :Title    
   Listing of mesh elements with small segments. :ToolTip  
   hf3d :Author   
   1681621392 :TimeStamp
FlagFileMetaData End
BEGIN_ERR 
26 Small mesh segment detected on body : port_cap
 Small mesh segment detected on body : port_cap 
 Segment Statistics - Number of Segments : 1 --- Segment length(s) : 0.041114mm. The cutoff frequency for S-Matrix Only Solve is 1.60330431701332MHz 
4 -1  101  111  121  # nfids, fids[]
2 108  -1  # nbids, bids[]
      4 6 1 0 #ntets ntri ned npts
          -5.0810807000000002e-01   5.5550403000000004e-01  -5.0000000000000000e+00 #xyz tv0
          -4.6714765634259259e-01   5.5195133273148145e-01  -5.0000000000000000e+00 #xyz tv1
           1.2199193999999999e-01   6.8378386000000002e-01  -5.5000000000000000e+00 #xyz tv2
          -6.1621614000000002e-01   3.7800805999999998e-01  -5.0000000000000000e+00 -1 108 #xyz tv3 fid bid
          -5.0810807000000002e-01   5.5550403000000004e-01  -5.0000000000000000e+00 #xyz tv0
           1.2199193999999999e-01   6.8378386000000002e-01  -5.5000000000000000e+00 #xyz tv1
          -4.6714765634259259e-01   5.5195133273148145e-01  -5.0000000000000000e+00 #xyz tv2
          -4.0000000000000002e-01   7.3299999999999998e-01  -5.0000000000000000e+00 -1 108 #xyz tv3 fid bid
          -5.0810807000000002e-01   5.5550403000000004e-01  -5.0000000000000000e+00 #xyz tv0
          -3.3609186999999996e-01   7.4571211999999998e-01  -4.8185936873423243e+00 #xyz tv1
          -4.6714765634259259e-01   5.5195133273148145e-01  -5.0000000000000000e+00 #xyz tv2
          -6.1621614000000002e-01   3.7800805999999998e-01  -5.0000000000000000e+00 -1 108 #xyz tv3 fid bid
          -5.0810807000000002e-01   5.5550403000000004e-01  -5.0000000000000000e+00 #xyz tv0
          -4.6714765634259259e-01   5.5195133273148145e-01  -5.0000000000000000e+00 #xyz tv1
          -3.3609186999999996e-01   7.4571211999999998e-01  -4.8185936873423243e+00 #xyz tv2
          -4.0000000000000002e-01   7.3299999999999998e-01  -5.0000000000000000e+00 -1 108 #xyz tv3 fid bid
          -6.1621614000000002e-01   3.7800805999999998e-01  -5.0000000000000000e+00 #xyz tv0
          -5.0810807000000002e-01   5.5550403000000004e-01  -5.0000000000000000e+00 #xyz tv1
          -4.6714765634259259e-01   5.5195133273148145e-01  -5.0000000000000000e+00 101 -1 #xyz tv2 fid bid
          -6.1621614000000002e-01   3.7800805999999998e-01  -5.0000000000000000e+00 #xyz tv0
          -5.0810807000000002e-01   5.5550403000000004e-01  -5.0000000000000000e+00 #xyz tv1
          -4.6714765634259259e-01   5.5195133273148145e-01  -5.0000000000000000e+00 111 -1 #xyz tv2 fid bid
          -6.1621614000000002e-01   3.7800805999999998e-01  -5.0000000000000000e+00 #xyz tv0
          -5.0810807000000002e-01   5.5550403000000004e-01  -5.0000000000000000e+00 #xyz tv1
          -4.6714765634259259e-01   5.5195133273148145e-01  -5.0000000000000000e+00 121 -1 #xyz tv2 fid bid
          -5.0810807000000002e-01   5.5550403000000004e-01  -5.0000000000000000e+00 #xyz tv0
          -4.0000000000000002e-01   7.3299999999999998e-01  -5.0000000000000000e+00 #xyz tv1
          -4.6714765634259259e-01   5.5195133273148145e-01  -5.0000000000000000e+00 101 -1 #xyz tv2 fid bid
          -5.0810807000000002e-01   5.5550403000000004e-01  -5.0000000000000000e+00 #xyz tv0
          -4.0000000000000002e-01   7.3299999999999998e-01  -5.0000000000000000e+00 #xyz tv1
          -4.6714765634259259e-01   5.5195133273148145e-01  -5.0000000000000000e+00 111 -1 #xyz tv2 fid bid
          -5.0810807000000002e-01   5.5550403000000004e-01  -5.0000000000000000e+00 #xyz tv0
          -4.0000000000000002e-01   7.3299999999999998e-01  -5.0000000000000000e+00 #xyz tv1
          -4.6714765634259259e-01   5.5195133273148145e-01  -5.0000000000000000e+00 121 -1 #xyz tv2 fid bid
          -5.0810807000000002e-01   5.5550403000000004e-01  -5.0000000000000000e+00 #xyz ev0
          -4.6714765634259259e-01   5.5195133273148145e-01  -5.0000000000000000e+00 -1 108 #xyz ev1 fid bid
   0   0.000000000000e+00   0.000000000000e+00   0.000000000000e+00 #flag location
END_ERR 
G3dErrFileVersion 2018P3.1
FlagFileMetaData Begin
   Mesh Size - ATK_Solution, Refinement, Pass #4, Freq. 1.575000e+09 :Title    
   Listing of mesh elements with small segments. :ToolTip  
   hf3d :Author   
   1681621394 :TimeStamp
FlagFileMetaData End
BEGIN_ERR 
26 Small mesh segment detected on body : port_cap
 Small mesh segment detected on body : port_cap 
 Segment Statistics - Number of Segments : 1 --- Segment length(s) : 0.041114mm. The cutoff frequency for S-Matrix Only Solve is 1.60330431701332MHz 
4 -1  101  111  121  # nfids, fids[]
2 108  -1  # nbids, bids[]
      4 6 1 0 #ntets ntri ned npts
          -5.0810807000000002e-01   5.5550403000000004e-01  -5.0000000000000000e+00 #xyz tv0
          -4.6714765634259259e-01   5.5195133273148145e-01  -5.0000000000000000e+00 #xyz tv1
           1.2199193999999999e-01   6.8378386000000002e-01  -5.5000000000000000e+00 #xyz tv2
          -6.1621614000000002e-01   3.7800805999999998e-01  -5.0000000000000000e+00 -1 108 #xyz tv3 fid bid
          -5.0810807000000002e-01   5.5550403000000004e-01  -5.0000000000000000e+00 #xyz tv0
           1.2199193999999999e-01   6.8378386000000002e-01  -5.5000000000000000e+00 #xyz tv1
          -4.6714765634259259e-01   5.5195133273148145e-01  -5.0000000000000000e+00 #xyz tv2
          -4.0000000000000002e-01   7.3299999999999998e-01  -5.0000000000000000e+00 -1 108 #xyz tv3 fid bid
          -5.0810807000000002e-01   5.5550403000000004e-01  -5.0000000000000000e+00 #xyz tv0
          -3.3609186999999996e-01   7.4571211999999998e-01  -4.8185936873423243e+00 #xyz tv1
          -4.6714765634259259e-01   5.5195133273148145e-01  -5.0000000000000000e+00 #xyz tv2
          -6.1621614000000002e-01   3.7800805999999998e-01  -5.0000000000000000e+00 -1 108 #xyz tv3 fid bid
          -5.0810807000000002e-01   5.5550403000000004e-01  -5.0000000000000000e+00 #xyz tv0
          -4.6714765634259259e-01   5.5195133273148145e-01  -5.0000000000000000e+00 #xyz tv1
          -3.3609186999999996e-01   7.4571211999999998e-01  -4.8185936873423243e+00 #xyz tv2
          -4.0000000000000002e-01   7.3299999999999998e-01  -5.0000000000000000e+00 -1 108 #xyz tv3 fid bid
          -6.1621614000000002e-01   3.7800805999999998e-01  -5.0000000000000000e+00 #xyz tv0
          -5.0810807000000002e-01   5.5550403000000004e-01  -5.0000000000000000e+00 #xyz tv1
          -4.6714765634259259e-01   5.5195133273148145e-01  -5.0000000000000000e+00 101 -1 #xyz tv2 fid bid
          -6.1621614000000002e-01   3.7800805999999998e-01  -5.0000000000000000e+00 #xyz tv0
          -5.0810807000000002e-01   5.5550403000000004e-01  -5.0000000000000000e+00 #xyz tv1
          -4.6714765634259259e-01   5.5195133273148145e-01  -5.0000000000000000e+00 111 -1 #xyz tv2 fid bid
          -6.1621614000000002e-01   3.7800805999999998e-01  -5.0000000000000000e+00 #xyz tv0
          -5.0810807000000002e-01   5.5550403000000004e-01  -5.0000000000000000e+00 #xyz tv1
          -4.6714765634259259e-01   5.5195133273148145e-01  -5.0000000000000000e+00 121 -1 #xyz tv2 fid bid
          -5.0810807000000002e-01   5.5550403000000004e-01  -5.0000000000000000e+00 #xyz tv0
          -4.0000000000000002e-01   7.3299999999999998e-01  -5.0000000000000000e+00 #xyz tv1
          -4.6714765634259259e-01   5.5195133273148145e-01  -5.0000000000000000e+00 101 -1 #xyz tv2 fid bid
          -5.0810807000000002e-01   5.5550403000000004e-01  -5.0000000000000000e+00 #xyz tv0
          -4.0000000000000002e-01   7.3299999999999998e-01  -5.0000000000000000e+00 #xyz tv1
          -4.6714765634259259e-01   5.5195133273148145e-01  -5.0000000000000000e+00 111 -1 #xyz tv2 fid bid
          -5.0810807000000002e-01   5.5550403000000004e-01  -5.0000000000000000e+00 #xyz tv0
          -4.0000000000000002e-01   7.3299999999999998e-01  -5.0000000000000000e+00 #xyz tv1
          -4.6714765634259259e-01   5.5195133273148145e-01  -5.0000000000000000e+00 121 -1 #xyz tv2 fid bid
          -5.0810807000000002e-01   5.5550403000000004e-01  -5.0000000000000000e+00 #xyz ev0
          -4.6714765634259259e-01   5.5195133273148145e-01  -5.0000000000000000e+00 -1 108 #xyz ev1 fid bid
   0   0.000000000000e+00   0.000000000000e+00   0.000000000000e+00 #flag location
END_ERR 
G3dErrFileVersion 2018P3.1
FlagFileMetaData Begin
   Mesh Size - ATK_Solution, Refinement, Pass #5, Freq. 1.575000e+09 :Title    
   Listing of mesh elements with small segments. :ToolTip  
   hf3d :Author   
   1681621395 :TimeStamp
FlagFileMetaData End
BEGIN_ERR 
26 Small mesh segment detected on body : coax
 Small mesh segment detected on body : coax 
 Segment Statistics - Number of Segments : 1 --- Segment length(s) : 0.043781mm. The cutoff frequency for S-Matrix Only Solve is 1.60330431701332MHz 
2 -1  91  # nfids, fids[]
2 99  -1  # nbids, bids[]
      4 2 1 0 #ntets ntri ned npts
          -2.4571211999999998e-01   9.6390813000000009e-01  -4.9101431827886746e+00 #xyz tv0
          -2.4571211999999998e-01   9.6390813000000009e-01  -4.9539244230296990e+00 #xyz tv1
           1.2199193999999999e-01   1.1162161399999997e+00  -5.0000000000000000e+00 #xyz tv2
          -2.8191316999999999e-01   1.0180868300000006e+00  -4.8989043411678859e+00 -1 99 #xyz tv3 fid bid
          -2.3300000000000001e-01   9.0000000000000036e-01  -4.8914141841913210e+00 #xyz tv0
          -2.4571211999999998e-01   9.6390813000000009e-01  -4.9539244230296990e+00 #xyz tv1
           1.2199193999999999e-01   1.1162161399999997e+00  -5.0000000000000000e+00 #xyz tv2
          -2.4571211999999998e-01   9.6390813000000009e-01  -4.9101431827886746e+00 -1 99 #xyz tv3 fid bid
          -2.4571211999999998e-01   9.6390813000000009e-01  -4.9101431827886746e+00 #xyz tv0
          -3.3609186999999996e-01   1.0542878800000000e+00  -4.8852389938564924e+00 #xyz tv1
          -2.4571211999999998e-01   9.6390813000000009e-01  -4.9539244230296990e+00 #xyz tv2
          -2.8191316999999999e-01   1.0180868300000006e+00  -4.8989043411678859e+00 -1 99 #xyz tv3 fid bid
          -2.3300000000000001e-01   9.0000000000000036e-01  -4.8914141841913210e+00 #xyz tv0
          -3.3609186999999996e-01   1.0542878800000000e+00  -4.8852389938564924e+00 #xyz tv1
          -2.4571211999999998e-01   9.6390813000000009e-01  -4.9539244230296990e+00 #xyz tv2
          -2.4571211999999998e-01   9.6390813000000009e-01  -4.9101431827886746e+00 -1 99 #xyz tv3 fid bid
          -2.3300000000000001e-01   9.0000000000000036e-01  -4.8914141841913210e+00 #xyz tv0
          -2.4571211999999998e-01   9.6390813000000009e-01  -4.9539244230296990e+00 #xyz tv1
          -2.4571211999999998e-01   9.6390813000000009e-01  -4.9101431827886746e+00 91 -1 #xyz tv2 fid bid
          -2.8191316999999999e-01   1.0180868300000006e+00  -4.8989043411678859e+00 #xyz tv0
          -2.4571211999999998e-01   9.6390813000000009e-01  -4.9101431827886746e+00 #xyz tv1
          -2.4571211999999998e-01   9.6390813000000009e-01  -4.9539244230296990e+00 91 -1 #xyz tv2 fid bid
          -2.4571211999999998e-01   9.6390813000000009e-01  -4.9539244230296990e+00 #xyz ev0
          -2.4571211999999998e-01   9.6390813000000009e-01  -4.9101431827886746e+00 -1 99 #xyz ev1 fid bid
   0   0.000000000000e+00   0.000000000000e+00   0.000000000000e+00 #flag location
END_ERR 
